cam0=[712.725 0 342.999; 0 712.725 229.475; 0 0 1]
cam1=[712.725 0 342.999; 0 712.725 229.475; 0 0 1]
doffs=0
baseline=59
width=679
height=448
ndisp=679
