cam0=[545.506 0 442.452; 0 545.506 241.95; 0 0 1]
cam1=[545.506 0 442.452; 0 545.506 241.95; 0 0 1]
doffs=0
baseline=59.9696
width=901
height=515
ndisp=901
