cam0=[544.908 0 436.503; 0 544.908 231.859; 0 0 1]
cam1=[544.908 0 436.503; 0 544.908 231.859; 0 0 1]
doffs=0
baseline=59.2504
width=889
height=512
ndisp=889
