cam0=[543.312 0 440.706; 0 543.312 227.734; 0 0 1]
cam1=[543.312 0 440.706; 0 543.312 227.734; 0 0 1]
doffs=0
baseline=61.8603
width=897
height=517
ndisp=897
