cam0=[545.506 0 442.281; 0 545.506 241.951; 0 0 1]
cam1=[545.506 0 442.281; 0 545.506 241.951; 0 0 1]
doffs=0
baseline=59.9692
width=901
height=515
ndisp=901
