cam0=[544.908 0 436.372; 0 544.908 231.858; 0 0 1]
cam1=[544.908 0 436.372; 0 544.908 231.858; 0 0 1]
doffs=0
baseline=59.2601
width=889
height=512
ndisp=889
