cam0=[712.725 0 343.204; 0 712.725 229.416; 0 0 1]
cam1=[712.725 0 343.204; 0 712.725 229.416; 0 0 1]
doffs=0
baseline=59.0095
width=679
height=448
ndisp=679
