cam0=[544.861 0 433.494; 0 544.861 232.785; 0 0 1]
cam1=[544.861 0 433.494; 0 544.861 232.785; 0 0 1]
doffs=0
baseline=60.2602
width=900
height=516
ndisp=900
