cam0=[721.083 0 352.37; 0 721.083 235.393; 0 0 1]
cam1=[721.083 0 352.37; 0 721.083 235.393; 0 0 1]
doffs=0
baseline=59.5498
width=685
height=449
ndisp=685
