cam0=[720.163 0 337.593; 0 720.163 235.045; 0 0 1]
cam1=[720.163 0 337.593; 0 720.163 235.045; 0 0 1]
doffs=0
baseline=59.9198
width=685
height=454
ndisp=685
