cam0=[544.908 0 436.605; 0 544.908 231.856; 0 0 1]
cam1=[544.908 0 436.605; 0 544.908 231.856; 0 0 1]
doffs=0
baseline=59.2502
width=889
height=512
ndisp=889
