cam0=[711.647 0 338.245; 0 711.647 236.426; 0 0 1]
cam1=[711.647 0 338.245; 0 711.647 236.426; 0 0 1]
doffs=0
baseline=59.6917
width=679
height=453
ndisp=679
