cam0=[712.725 0 343.119; 0 712.725 229.438; 0 0 1]
cam1=[712.725 0 343.119; 0 712.725 229.438; 0 0 1]
doffs=0
baseline=58.9901
width=679
height=448
ndisp=679
