cam0=[711.375 0 340.485; 0 711.375 232.682; 0 0 1]
cam1=[711.375 0 340.485; 0 711.375 232.682; 0 0 1]
doffs=0
baseline=59.7369
width=678
height=452
ndisp=678
