cam0=[544.328 0 440.784; 0 544.328 223.606; 0 0 1]
cam1=[544.328 0 440.784; 0 544.328 223.606; 0 0 1]
doffs=0
baseline=59.9975
width=888
height=513
ndisp=888
